Person 0.69 0 3 602 480
Hardhat 0.52 0 146 27 236
sedan 0.38 273 4 638 477
NO-hardhat 0.47 256 229 355 270
NO-Mask 0.32 237 295 364 356
NO-Mask 0.89 271 230 396 297
NO-hardhat 0.56 275 161 397 205
Person 0.29 167 152 617 467
NO-Mask 0.96 279 197 404 261
NO-hardhat 0.75 288 113 408 159
Person 0.37 65 89 634 480
NO-Mask 0.97 282 157 410 225
NO-hardhat 0.9 287 71 415 123
Person 0.72 0 265 51 469
Person 0.34 69 68 552 480
NO-hardhat 0.27 0 275 21 301
NO-Mask 0.99 303 129 437 197
NO-hardhat 0.91 311 31 433 86
Person 0.77 53 25 640 480
Person 0.68 0 242 99 445
NO-hardhat 0.67 16 250 53 267
NO-Safety Vest 0.36 175 227 414 480
NO-Safety Vest 0.32 217 228 579 480
NO-Mask 0.94 320 114 465 183
NO-hardhat 0.93 325 2 462 60
Person 0.86 97 2 635 480
Person 0.83 0 171 122 477
NO-hardhat 0.6 42 216 80 234
NO-Mask 0.92 322 113 467 185
NO-hardhat 0.91 330 0 466 59
NO-hardhat 0.9 48 206 87 224
Person 0.81 0 202 121 479
NO-Mask 0.7 54 231 75 245
Person 0.7 114 2 562 480
NO-Safety Vest 0.56 183 201 398 476
NO-Mask 0.95 319 115 466 185
NO-hardhat 0.82 50 201 87 219
NO-hardhat 0.82 324 0 466 58
Person 0.76 0 188 124 479
Person 0.75 107 3 622 480
NO-Mask 0.62 54 227 75 240
NO-Safety Vest 0.33 230 204 426 472
NO-Mask 0.96 320 115 470 184
NO-hardhat 0.87 56 195 93 212
Person 0.8 0 175 128 479
NO-hardhat 0.73 323 0 474 60
Person 0.68 102 3 638 480
NO-Mask 0.63 59 217 81 233
NO-Mask 0.97 320 115 469 185
Person 0.79 0 183 128 476
NO-hardhat 0.78 57 190 95 208
NO-hardhat 0.76 323 0 472 51
Person 0.57 113 0 626 480
NO-Mask 0.55 62 212 83 228
NO-Safety Vest 0.32 215 203 529 477
Person 0.32 279 0 633 478
NO-Mask 0.98 323 114 470 187
Person 0.86 136 1 633 480
NO-hardhat 0.83 65 184 102 201
Person 0.75 0 182 136 477
NO-Mask 0.59 67 206 90 223
Hardhat 0.46 324 0 478 51
Person 0.42 0 183 135 331
NO-Safety Vest 0.3 229 197 563 476
NO-Mask 0.96 324 115 471 186
Person 0.89 125 0 634 480
NO-hardhat 0.87 66 181 104 199
NO-Safety Vest 0.82 215 200 501 475
NO-Mask 0.72 70 204 92 219
Person 0.59 0 180 136 463
NO-Safety Vest 0.58 212 202 613 480
Person 0.36 0 180 136 332
NO-hardhat 0.29 327 0 480 45
NO-Mask 0.94 321 116 470 186
NO-hardhat 0.86 67 180 104 198
Person 0.8 129 0 633 478
NO-Safety Vest 0.77 203 203 528 475
Person 0.69 0 178 137 471
NO-Mask 0.55 71 201 94 218
NO-hardhat 0.5 326 0 482 50
Person 0.49 0 179 137 360
NO-Mask 0.96 324 114 470 185
NO-hardhat 0.83 69 179 106 197
Person 0.82 152 0 621 480
Person 0.65 0 178 145 474
NO-Mask 0.64 73 201 95 217
NO-Safety Vest 0.41 207 208 534 478
Hardhat 0.36 325 0 483 56
wheel loader 0.32 0 108 145 479
NO-hardhat 0.3 324 0 481 53
Person 0.3 0 178 145 374
NO-Mask 0.94 320 126 470 191
NO-hardhat 0.89 67 176 103 193
NO-hardhat 0.86 329 0 474 57
Person 0.83 136 1 631 478
NO-Safety Vest 0.73 218 204 509 477
Person 0.6 0 175 148 470
NO-Mask 0.59 71 199 91 214
NO-hardhat 0.97 327 1 469 63
NO-Mask 0.93 324 127 460 198
NO-hardhat 0.9 64 171 100 187
Person 0.89 0 170 148 472
Person 0.83 144 4 630 478
NO-Safety Vest 0.73 213 203 521 480
NO-Mask 0.56 68 192 89 208
NO-hardhat 0.95 330 3 470 66
NO-Mask 0.94 324 125 468 199
Person 0.88 0 164 145 468
Person 0.81 160 7 605 480
NO-hardhat 0.78 73 167 109 185
NO-Safety Vest 0.76 218 203 507 478
NO-Mask 0.57 74 189 97 205
NO-hardhat 0.91 327 5 468 68
NO-hardhat 0.9 79 170 113 185
NO-Mask 0.9 322 130 466 200
Person 0.89 148 10 639 480
NO-Safety Vest 0.75 203 205 589 480
Person 0.73 0 168 158 466
NO-Mask 0.49 83 191 104 205
NO-Mask 0.96 321 132 456 198
NO-hardhat 0.91 325 5 463 67
Person 0.9 144 10 640 480
NO-hardhat 0.86 79 171 113 187
NO-Safety Vest 0.8 195 207 625 480
Person 0.67 0 170 151 466
NO-Mask 0.6 82 192 104 208
NO-Mask 0.98 320 141 451 211
NO-hardhat 0.97 323 8 465 74
Person 0.89 144 12 638 480
NO-hardhat 0.86 79 175 113 191
NO-Safety Vest 0.83 201 211 609 480
NO-Mask 0.8 82 196 104 211
Person 0.78 0 174 154 469
NO-hardhat 0.98 322 6 470 74
NO-Mask 0.95 322 152 450 212
Person 0.91 147 8 637 480
NO-hardhat 0.88 77 174 112 191
NO-Safety Vest 0.83 215 213 587 480
Person 0.79 0 174 143 469
NO-Mask 0.73 82 195 103 210
NO-Mask 0.98 326 154 451 221
NO-hardhat 0.96 324 8 476 79
Person 0.92 155 12 640 480
NO-hardhat 0.88 79 175 114 192
Person 0.73 0 174 153 474
NO-Safety Vest 0.68 209 226 572 480
NO-Mask 0.67 84 197 105 211
NO-Safety Vest 0.28 90 210 140 266
NO-Mask 0.95 328 162 448 232
Person 0.94 154 13 638 480
NO-hardhat 0.94 325 10 482 86
NO-hardhat 0.7 82 176 118 193
Person 0.63 0 175 149 471
NO-Safety Vest 0.56 207 227 607 480
NO-Mask 0.55 87 200 106 214
NO-hardhat 0.95 324 7 482 86
Person 0.93 144 12 639 480
NO-Mask 0.92 327 164 445 225
NO-Safety Vest 0.81 189 222 609 480
Person 0.69 0 175 158 475
NO-hardhat 0.49 82 178 120 197
NO-hardhat 0.96 324 7 483 83
NO-Mask 0.93 327 163 444 227
Person 0.92 145 12 639 480
NO-Safety Vest 0.78 198 221 609 480
Person 0.64 0 166 159 475
NO-hardhat 0.57 81 178 121 197
NO-hardhat 0.96 323 6 483 83
NO-Mask 0.95 327 163 449 222
Person 0.94 142 8 640 480
NO-Safety Vest 0.83 208 225 613 480
NO-hardhat 0.76 78 178 119 198
Person 0.56 0 159 156 473
NO-hardhat 0.98 329 5 486 81
Person 0.93 154 9 639 480
NO-Mask 0.92 329 161 449 221
NO-Safety Vest 0.8 208 226 601 480
Person 0.7 0 88 162 475
NO-hardhat 0.98 328 4 484 79
NO-Mask 0.93 329 157 448 219
Person 0.93 147 8 639 480
NO-Safety Vest 0.72 213 224 608 480
Person 0.56 0 93 160 475
NO-Mask 0.41 326 147 474 222
NO-hardhat 0.98 327 4 484 80
NO-Mask 0.95 329 159 447 219
Person 0.93 170 6 638 480
NO-Safety Vest 0.81 214 223 614 480
Person 0.51 0 108 161 476
NO-Mask 0.44 326 147 473 221
NO-hardhat 0.98 327 4 485 78
NO-Mask 0.94 328 158 448 222
Person 0.93 146 9 639 480
NO-Safety Vest 0.77 205 222 605 480
Person 0.45 0 80 161 475
NO-Mask 0.97 344 153 472 223
Person 0.94 171 0 638 477
NO-hardhat 0.93 341 0 503 75
Person 0.83 0 114 174 472
NO-Safety Vest 0.81 227 218 571 480
NO-hardhat 0.95 341 0 497 72
Person 0.92 165 0 636 480
NO-Mask 0.89 338 151 480 219
NO-Safety Vest 0.67 199 209 611 479
Person 0.4 0 101 172 471
NO-Mask 0.97 341 152 455 220
NO-hardhat 0.95 342 0 497 72
Person 0.94 167 0 638 477
NO-Safety Vest 0.71 228 219 514 480
Person 0.65 0 107 171 473
NO-Mask 0.95 341 153 460 220
NO-hardhat 0.93 343 1 500 75
Person 0.92 158 2 639 480
NO-Safety Vest 0.84 221 221 593 480
NO-hardhat 0.78 94 171 125 186
NO-Mask 0.74 99 193 124 212
Person 0.7 0 146 174 466
NO-Mask 0.96 345 151 470 221
Person 0.93 178 2 635 477
NO-hardhat 0.89 345 0 502 72
Person 0.88 0 113 180 472
NO-Safety Vest 0.57 229 226 595 480
NO-hardhat 0.32 99 172 129 185
NO-Safety Vest 0.29 0 221 113 372
NO-Mask 0.96 349 150 481 222
Person 0.95 179 0 638 480
NO-hardhat 0.89 347 0 511 74
NO-hardhat 0.83 103 171 134 186
Person 0.71 0 165 168 463
NO-Safety Vest 0.7 224 224 605 480
NO-Mask 0.61 108 193 130 208
NO-Mask 0.96 345 151 471 218
Person 0.93 166 0 635 477
NO-hardhat 0.89 101 170 133 185
NO-hardhat 0.87 342 0 508 72
Person 0.84 0 154 163 466
NO-Safety Vest 0.65 222 219 621 480
NO-Mask 0.45 107 193 128 208
NO-Mask 0.98 348 139 476 214
Person 0.96 175 0 636 478
NO-hardhat 0.94 345 0 510 64
Person 0.79 0 136 180 468
NO-hardhat 0.71 105 167 138 183
NO-Mask 0.59 110 188 134 206
NO-Safety Vest 0.56 221 225 637 480
NO-Mask 0.96 353 140 481 215
Person 0.95 180 0 637 480
NO-hardhat 0.89 351 0 517 63
NO-hardhat 0.86 108 164 143 183
Person 0.84 0 158 179 467
NO-Mask 0.61 114 188 134 203
NO-Safety Vest 0.42 225 221 638 480
NO-Mask 0.97 349 140 479 214
Person 0.96 178 0 638 480
NO-hardhat 0.91 345 0 512 63
Person 0.86 0 153 186 469
NO-hardhat 0.81 105 163 143 181
NO-Safety Vest 0.49 219 212 634 480
NO-Mask 0.97 348 138 478 211
Person 0.96 180 0 637 479
Person 0.93 0 156 186 468
NO-hardhat 0.91 102 161 143 181
NO-hardhat 0.8 343 0 513 58
NO-Safety Vest 0.65 229 205 635 480
NO-Mask 0.96 345 136 478 211
Person 0.95 177 0 637 480
Person 0.92 0 159 184 467
NO-hardhat 0.85 104 160 146 182
NO-hardhat 0.7 342 0 508 53
NO-Safety Vest 0.64 222 204 605 479
NO-Mask 0.96 346 136 481 209
Person 0.95 187 0 635 478
